season,season_start_year,calculated_rank,team,matches,wins,draws,losses,goals_for,goals_against,goal_difference,points,points_per_match,win_rate,clean_sheets,clean_sheet_rate,home_points,away_points,avg_shots_for,avg_shots_against
2001-2002,2001,1,Borussia Dortmund,34,21,7,6,62,33,29,70,2.0588,0.6176,11,0.3235,39,31,13.7647,11.5588
2001-2002,2001,2,Bayer Leverkusen,34,21,6,7,77,38,39,69,2.0294,0.6176,9,0.2647,43,26,13.0882,9.6176
2001-2002,2001,3,Bayern München,34,20,8,6,65,25,40,68,2.0,0.5882,19,0.5588,41,27,13.8529,10.1765
2001-2002,2001,4,Hertha BSC,34,18,7,9,61,38,23,61,1.7941,0.5294,13,0.3824,41,20,12.3824,11.3824
2001-2002,2001,5,Schalke 04,34,18,7,9,52,36,16,61,1.7941,0.5294,15,0.4412,41,20,11.8824,12.5
2001-2002,2001,6,Werder Bremen,34,17,5,12,54,43,11,56,1.6471,0.5,12,0.3529,35,21,14.4118,10.7353
2001-2002,2001,7,1. FC Kaiserslautern,34,17,5,12,62,53,9,56,1.6471,0.5,10,0.2941,37,19,13.2059,12.5882
2001-2002,2001,8,VfB Stuttgart,34,13,11,10,47,43,4,50,1.4706,0.3824,12,0.3529,29,21,10.5588,10.2647
2001-2002,2001,9,1860 München,34,15,5,14,59,59,0,50,1.4706,0.4412,6,0.1765,27,23,12.5882,14.9706
2001-2002,2001,10,VfL Wolfsburg,34,13,7,14,57,49,8,46,1.3529,0.3824,7,0.2059,30,16,13.8529,12.2647
2001-2002,2001,11,Hamburger SV,34,10,10,14,51,57,-6,40,1.1765,0.2941,9,0.2647,27,13,13.1176,13.7059
2001-2002,2001,12,Borussia Mönchengladbach,34,9,12,13,41,53,-12,39,1.1471,0.2647,9,0.2647,23,16,14.4706,10.2059
2001-2002,2001,13,Energie Cottbus,34,9,8,17,36,60,-24,35,1.0294,0.2647,12,0.3529,28,7,10.7941,13.7059
2001-2002,2001,14,Hansa Rostock,34,9,7,18,35,54,-19,34,1.0,0.2647,9,0.2647,24,10,11.7647,13.2353
2001-2002,2001,15,1. FC Nürnberg,34,10,4,20,34,57,-23,34,1.0,0.2941,9,0.2647,24,10,11.5882,11.5
2001-2002,2001,16,SC Freiburg,34,7,9,18,37,64,-27,30,0.8824,0.2059,6,0.1765,23,7,9.3235,16.0882
2001-2002,2001,17,1. FC Köln,34,7,8,19,26,61,-35,29,0.8529,0.2059,7,0.2059,20,9,11.5,12.8529
2001-2002,2001,18,FC St. Pauli,34,4,10,20,37,70,-33,22,0.6471,0.1176,4,0.1176,16,6,10.1765,14.9706
2002-2003,2002,1,Bayern München,34,23,6,5,70,25,45,75,2.2059,0.6765,17,0.5,42,33,,
2002-2003,2002,2,VfB Stuttgart,34,17,8,9,53,39,14,59,1.7353,0.5,10,0.2941,32,27,,
2002-2003,2002,3,Borussia Dortmund,34,15,13,6,51,27,24,58,1.7059,0.4412,14,0.4118,36,22,,
2002-2003,2002,4,Hamburger SV,34,15,11,8,46,36,10,56,1.6471,0.4412,11,0.3235,42,14,,
2002-2003,2002,5,Hertha BSC,34,16,6,12,52,43,9,54,1.5882,0.4706,13,0.3824,34,20,,
2002-2003,2002,6,Werder Bremen,34,16,4,14,51,50,1,52,1.5294,0.4706,8,0.2353,32,20,,
2002-2003,2002,7,Schalke 04,34,12,13,9,46,40,6,49,1.4412,0.3529,11,0.3235,26,23,,
2002-2003,2002,8,VfL Wolfsburg,34,13,7,14,39,42,-3,46,1.3529,0.3824,10,0.2941,35,11,,
2002-2003,2002,9,VfL Bochum,34,12,9,13,55,56,-1,45,1.3235,0.3529,4,0.1176,23,22,,
2002-2003,2002,10,1860 München,34,12,9,13,44,52,-8,45,1.3235,0.3529,9,0.2647,23,22,,
2002-2003,2002,11,Hannover 96,34,12,7,15,47,57,-10,43,1.2647,0.3529,5,0.1471,18,25,,
2002-2003,2002,12,Borussia Mönchengladbach,34,11,9,14,43,45,-2,42,1.2353,0.3235,10,0.2941,35,7,,
2002-2003,2002,13,Hansa Rostock,34,11,8,15,35,41,-6,41,1.2059,0.3235,11,0.3235,23,18,,
2002-2003,2002,14,1. FC Kaiserslautern,34,10,10,14,40,42,-2,40,1.1765,0.2941,11,0.3235,30,10,,
2002-2003,2002,15,Bayer Leverkusen,34,11,7,16,47,56,-9,40,1.1765,0.3235,6,0.1765,21,19,,
2002-2003,2002,16,Arminia Bielefeld,34,8,12,14,35,46,-11,36,1.0588,0.2353,10,0.2941,26,10,,
2002-2003,2002,17,1. FC Nürnberg,34,8,6,20,33,60,-27,30,0.8824,0.2353,8,0.2353,16,14,,
2002-2003,2002,18,Energie Cottbus,34,7,9,18,34,64,-30,30,0.8824,0.2059,6,0.1765,15,15,,
2003-2004,2003,1,Werder Bremen,34,22,8,4,79,38,41,74,2.1765,0.6471,13,0.3824,37,37,17.2059,12.0588
2003-2004,2003,2,Bayern München,34,20,8,6,70,39,31,68,2.0,0.5882,11,0.3235,42,26,16.5294,12.2353
2003-2004,2003,3,Bayer Leverkusen,34,19,8,7,73,39,34,65,1.9118,0.5588,13,0.3824,37,28,16.8235,13.2353
2003-2004,2003,4,VfB Stuttgart,34,18,10,6,52,24,28,64,1.8824,0.5294,18,0.5294,34,30,14.0294,11.8235
2003-2004,2003,5,VfL Bochum,34,15,11,8,57,39,18,56,1.6471,0.4412,15,0.4412,38,18,13.4412,15.3235
2003-2004,2003,6,Borussia Dortmund,34,16,7,11,59,48,11,55,1.6176,0.4706,8,0.2353,39,16,13.3529,13.2941
2003-2004,2003,7,Schalke 04,34,13,11,10,49,42,7,50,1.4706,0.3824,10,0.2941,28,22,16.3824,11.3235
2003-2004,2003,8,Hamburger SV,34,14,7,13,47,60,-13,49,1.4412,0.4118,5,0.1471,36,13,12.2647,13.9706
2003-2004,2003,9,Hansa Rostock,34,12,8,14,55,54,1,44,1.2941,0.3529,6,0.1765,31,13,11.7059,16.7059
2003-2004,2003,10,VfL Wolfsburg,34,13,3,18,56,61,-5,42,1.2353,0.3824,6,0.1765,34,8,13.1765,16.3235
2003-2004,2003,11,Borussia Mönchengladbach,34,10,9,15,40,49,-9,39,1.1471,0.2941,6,0.1765,27,12,15.7353,12.3529
2003-2004,2003,12,Hertha BSC,34,9,12,13,42,59,-17,39,1.1471,0.2647,7,0.2059,24,15,12.6765,14.7059
2003-2004,2003,13,1. FC Kaiserslautern,34,11,6,17,39,62,-23,39,1.1471,0.3235,7,0.2059,29,10,16.2353,16.1176
2003-2004,2003,14,SC Freiburg,34,10,8,16,42,67,-25,38,1.1176,0.2941,7,0.2059,33,5,11.2059,16.8235
2003-2004,2003,15,Hannover 96,34,9,10,15,49,63,-14,37,1.0882,0.2647,8,0.2353,22,15,13.2647,12.3529
2003-2004,2003,16,Eintracht Frankfurt,34,9,5,20,36,53,-17,32,0.9412,0.2647,5,0.1471,22,10,11.5882,16.5588
2003-2004,2003,17,1860 München,34,8,8,18,32,55,-23,32,0.9412,0.2353,5,0.1471,19,13,14.3529,12.4412
2003-2004,2003,18,1. FC Köln,34,6,5,23,32,57,-25,23,0.6765,0.1765,8,0.2353,20,3,14.8529,17.1765
2004-2005,2004,1,Bayern München,34,24,5,5,75,33,42,77,2.2647,0.7059,14,0.4118,44,33,16.2941,9.7941
2004-2005,2004,2,Schalke 04,34,20,3,11,56,46,10,63,1.8529,0.5882,9,0.2647,35,28,15.4706,12.3235
2004-2005,2004,3,Werder Bremen,34,18,5,11,68,37,31,59,1.7353,0.5294,9,0.2647,31,28,17.2059,9.4118
2004-2005,2004,4,Hertha BSC,34,15,13,6,59,31,28,58,1.7059,0.4412,11,0.3235,32,26,14.3529,13.9706
2004-2005,2004,5,VfB Stuttgart,34,17,7,10,54,40,14,58,1.7059,0.5,14,0.4118,38,20,12.8824,11.5588
2004-2005,2004,6,Bayer Leverkusen,34,16,9,9,65,44,21,57,1.6765,0.4706,8,0.2353,39,18,14.2647,13.2353
2004-2005,2004,7,Borussia Dortmund,34,15,10,9,47,44,3,55,1.6176,0.4412,7,0.2059,29,26,15.0882,14.2941
2004-2005,2004,8,Hamburger SV,34,16,3,15,55,50,5,51,1.5,0.4706,6,0.1765,28,23,14.2647,13.2353
2004-2005,2004,9,VfL Wolfsburg,34,15,3,16,49,51,-2,48,1.4118,0.4412,10,0.2941,31,17,12.5882,15.1471
2004-2005,2004,10,Hannover 96,34,13,6,15,34,36,-2,45,1.3235,0.3824,12,0.3529,26,19,11.4118,13.4706
2004-2005,2004,11,Mainz 05,34,12,7,15,50,55,-5,43,1.2647,0.3529,6,0.1765,30,13,15.5882,12.8824
2004-2005,2004,12,1. FC Kaiserslautern,34,12,6,16,43,52,-9,42,1.2353,0.3529,8,0.2353,26,16,12.8824,17.1176
2004-2005,2004,13,Arminia Bielefeld,34,11,7,16,37,49,-12,40,1.1765,0.3235,7,0.2059,24,16,12.6471,15.0
2004-2005,2004,14,1. FC Nürnberg,34,10,8,16,55,63,-8,38,1.1176,0.2941,8,0.2353,18,20,14.8529,13.4412
2004-2005,2004,15,Borussia Mönchengladbach,34,8,12,14,35,51,-16,36,1.0588,0.2353,10,0.2941,29,7,12.4412,14.4118
2004-2005,2004,16,VfL Bochum,34,9,8,17,47,68,-21,35,1.0294,0.2647,4,0.1176,23,12,13.4706,17.4412
2004-2005,2004,17,Hansa Rostock,34,7,9,18,31,65,-34,30,0.8824,0.2059,7,0.2059,17,13,10.9412,15.8235
2004-2005,2004,18,SC Freiburg,34,3,9,22,30,75,-45,18,0.5294,0.0882,6,0.1765,12,6,11.4118,15.5
2005-2006,2005,1,Bayern München,34,22,9,3,67,32,35,75,2.2059,0.6471,12,0.3529,44,31,16.1471,11.3824
2005-2006,2005,2,Werder Bremen,34,21,7,6,79,37,42,70,2.0588,0.6176,12,0.3529,39,31,17.2059,11.8824
2005-2006,2005,3,Hamburger SV,34,21,5,8,53,30,23,68,2.0,0.6176,15,0.4412,32,36,13.7647,15.0294
2005-2006,2005,4,Schalke 04,34,16,13,5,47,31,16,61,1.7941,0.4706,13,0.3824,36,25,16.2059,11.1765
2005-2006,2005,5,Bayer Leverkusen,34,14,10,10,64,49,15,52,1.5294,0.4118,5,0.1471,27,25,15.9706,14.4706
2005-2006,2005,6,Hertha BSC,34,12,12,10,52,48,4,48,1.4118,0.3529,11,0.3235,29,19,15.9118,16.1765
2005-2006,2005,7,Borussia Dortmund,34,11,13,10,45,42,3,46,1.3529,0.3235,8,0.2353,28,18,15.1471,15.2941
2005-2006,2005,8,1. FC Nürnberg,34,12,8,14,49,51,-2,44,1.2941,0.3529,5,0.1471,30,14,15.2353,13.5588
2005-2006,2005,9,VfB Stuttgart,34,9,16,9,37,39,-2,43,1.2647,0.2647,11,0.3235,22,21,13.1471,14.6471
2005-2006,2005,10,Borussia Mönchengladbach,34,10,12,12,42,50,-8,42,1.2353,0.2941,7,0.2059,31,11,13.7353,15.1471
2005-2006,2005,11,Mainz 05,34,9,11,14,46,47,-1,38,1.1176,0.2647,7,0.2059,25,13,15.6471,13.3529
2005-2006,2005,12,Hannover 96,34,7,17,10,43,47,-4,38,1.1176,0.2059,8,0.2353,21,17,13.2059,13.9118
2005-2006,2005,13,Arminia Bielefeld,34,10,7,17,32,47,-15,37,1.0882,0.2941,9,0.2647,26,11,11.3235,13.4412
2005-2006,2005,14,Eintracht Frankfurt,34,9,9,16,42,51,-9,36,1.0588,0.2647,7,0.2059,20,16,12.8529,13.1765
2005-2006,2005,15,VfL Wolfsburg,34,7,13,14,33,55,-22,34,1.0,0.2059,7,0.2059,22,12,12.2647,15.1176
2005-2006,2005,16,1. FC Kaiserslautern,34,8,9,17,47,71,-24,33,0.9706,0.2353,6,0.1765,20,13,12.9118,16.3824
2005-2006,2005,17,1. FC Köln,34,7,9,18,49,71,-22,30,0.8824,0.2059,4,0.1176,19,11,13.5882,16.5294
2005-2006,2005,18,MSV Duisburg,34,5,12,17,34,63,-29,27,0.7941,0.1471,6,0.1765,18,9,12.3824,15.9706
2006-2007,2006,1,VfB Stuttgart,34,21,7,6,61,37,24,70,2.0588,0.6176,14,0.4118,39,31,17.0,13.0882
2006-2007,2006,2,Schalke 04,34,21,5,8,53,32,21,68,2.0,0.6176,14,0.4118,41,27,15.6765,11.0
2006-2007,2006,3,Werder Bremen,34,20,6,8,76,40,36,66,1.9412,0.5882,11,0.3235,34,32,17.0882,11.9706
2006-2007,2006,4,Bayern München,34,18,6,10,55,40,15,60,1.7647,0.5294,8,0.2353,37,23,16.5294,11.1176
2006-2007,2006,5,Bayer Leverkusen,34,15,6,13,54,49,5,51,1.5,0.4412,7,0.2059,27,24,14.4118,13.8235
2006-2007,2006,6,1. FC Nürnberg,34,11,15,8,43,32,11,48,1.4118,0.3235,12,0.3529,31,17,14.4412,11.3824
2006-2007,2006,7,Hamburger SV,34,10,15,9,43,37,6,45,1.3235,0.2941,12,0.3529,21,24,14.9706,12.9706
2006-2007,2006,8,VfL Bochum,34,13,6,15,49,50,-1,45,1.3235,0.3824,9,0.2647,22,23,13.8529,16.5
2006-2007,2006,9,Borussia Dortmund,34,12,8,14,41,43,-2,44,1.2941,0.3529,9,0.2647,24,20,13.7353,13.2647
2006-2007,2006,10,Hertha BSC,34,12,8,14,50,55,-5,44,1.2941,0.3529,6,0.1765,27,17,12.7353,17.0294
2006-2007,2006,11,Hannover 96,34,12,8,14,41,50,-9,44,1.2941,0.3529,10,0.2941,21,23,13.2941,11.0
2006-2007,2006,12,Arminia Bielefeld,34,11,9,14,47,49,-2,42,1.2353,0.3235,5,0.1471,28,14,11.6176,13.1471
2006-2007,2006,13,Energie Cottbus,34,11,8,15,38,49,-11,41,1.2059,0.3235,8,0.2353,23,18,11.5,15.9118
2006-2007,2006,14,Eintracht Frankfurt,34,9,13,12,46,58,-12,40,1.1765,0.2647,7,0.2059,20,20,13.7941,14.8235
2006-2007,2006,15,VfL Wolfsburg,34,8,13,13,37,45,-8,37,1.0882,0.2353,9,0.2647,24,13,11.7941,14.6765
2006-2007,2006,16,Mainz 05,34,8,10,16,34,57,-23,34,1.0,0.2353,7,0.2059,22,12,12.3235,13.8824
2006-2007,2006,17,Alemannia Aachen,34,9,7,18,46,70,-24,34,1.0,0.2647,6,0.1765,19,15,12.1765,18.3824
2006-2007,2006,18,Borussia Mönchengladbach,34,6,8,20,23,44,-21,26,0.7647,0.1765,6,0.1765,21,5,12.0588,15.0294
2007-2008,2007,1,Bayern München,34,22,10,2,68,21,47,76,2.2353,0.6471,17,0.5,41,35,17.7941,11.2353
2007-2008,2007,2,Werder Bremen,34,20,6,8,75,45,30,66,1.9412,0.5882,9,0.2647,39,27,18.5,11.2059
2007-2008,2007,3,Schalke 04,34,18,10,6,55,32,23,64,1.8824,0.5294,12,0.3529,34,30,14.9412,11.1765
2007-2008,2007,4,Hamburger SV,34,14,12,8,47,26,21,54,1.5882,0.4118,13,0.3824,32,22,16.2941,12.2353
2007-2008,2007,5,VfL Wolfsburg,34,15,9,10,58,46,12,54,1.5882,0.4412,9,0.2647,27,27,13.5,15.0294
2007-2008,2007,6,VfB Stuttgart,34,16,4,14,57,57,0,52,1.5294,0.4706,9,0.2647,38,14,14.9412,15.1765
2007-2008,2007,7,Bayer Leverkusen,34,15,6,13,57,40,17,51,1.5,0.4412,10,0.2941,31,20,15.5,12.6471
2007-2008,2007,8,Hannover 96,34,13,10,11,54,56,-2,49,1.4412,0.3824,7,0.2059,29,20,13.2353,12.5294
2007-2008,2007,9,Eintracht Frankfurt,34,12,10,12,43,50,-7,46,1.3529,0.3529,10,0.2941,28,18,12.7059,15.4118
2007-2008,2007,10,Hertha BSC,34,12,8,14,39,44,-5,44,1.2941,0.3529,10,0.2941,30,14,12.8824,15.2353
2007-2008,2007,11,Karlsruher SC,34,11,10,13,38,53,-15,43,1.2647,0.3235,10,0.2941,24,19,13.1176,15.0588
2007-2008,2007,12,VfL Bochum,34,10,11,13,48,54,-6,41,1.2059,0.2941,5,0.1471,24,17,12.0588,16.8824
2007-2008,2007,13,Borussia Dortmund,34,10,10,14,50,62,-12,40,1.1765,0.2941,7,0.2059,26,14,14.4412,15.0
2007-2008,2007,14,Energie Cottbus,34,9,9,16,35,56,-21,36,1.0588,0.2647,9,0.2647,26,10,11.5882,17.5294
2007-2008,2007,15,Arminia Bielefeld,34,8,10,16,35,60,-25,34,1.0,0.2353,6,0.1765,25,9,11.4118,15.1765
2007-2008,2007,16,1. FC Nürnberg,34,7,10,17,35,51,-16,31,0.9118,0.2059,5,0.1471,22,9,15.2647,12.0
2007-2008,2007,17,Hansa Rostock,34,8,6,20,30,52,-22,30,0.8824,0.2353,5,0.1471,19,11,11.8824,15.3824
2007-2008,2007,18,MSV Duisburg,34,8,5,21,36,55,-19,29,0.8529,0.2353,5,0.1471,12,17,13.7941,14.9412
2008-2009,2008,1,VfL Wolfsburg,34,21,6,7,80,41,39,69,2.0294,0.6176,11,0.3235,49,20,13.9412,12.3824
2008-2009,2008,2,Bayern München,34,20,7,7,71,42,29,67,1.9706,0.5882,9,0.2647,38,29,17.9706,10.3529
2008-2009,2008,3,VfB Stuttgart,34,19,7,8,63,43,20,64,1.8824,0.5588,13,0.3824,39,25,16.7647,12.9706
2008-2009,2008,4,Hertha BSC,34,19,6,9,48,41,7,63,1.8529,0.5588,10,0.2941,39,24,11.6471,16.1765
2008-2009,2008,5,Hamburger SV,34,19,4,11,49,47,2,61,1.7941,0.5588,7,0.2059,41,20,14.5588,12.9412
2008-2009,2008,6,Borussia Dortmund,34,15,14,5,60,37,23,59,1.7353,0.4412,14,0.4118,33,26,14.2941,14.2647
2008-2009,2008,7,TSG Hoffenheim,34,15,10,9,63,49,14,55,1.6176,0.4412,10,0.2941,32,23,16.7353,12.0294
2008-2009,2008,8,Schalke 04,34,14,8,12,47,35,12,50,1.4706,0.4118,14,0.4118,30,20,13.2647,12.5882
2008-2009,2008,9,Bayer Leverkusen,34,14,7,13,59,46,13,49,1.4412,0.4118,8,0.2353,23,26,16.1471,12.0588
2008-2009,2008,10,Werder Bremen,34,12,9,13,64,50,14,45,1.3235,0.3529,8,0.2353,34,11,18.0882,12.5588
2008-2009,2008,11,Hannover 96,34,10,10,14,49,69,-20,40,1.1765,0.2941,7,0.2059,31,9,11.1471,15.7059
2008-2009,2008,12,1. FC Köln,34,11,6,17,35,50,-15,39,1.1471,0.3235,7,0.2059,17,22,12.2059,13.5
2008-2009,2008,13,Eintracht Frankfurt,34,8,9,17,39,60,-21,33,0.9706,0.2353,4,0.1176,19,14,12.7059,13.3235
2008-2009,2008,14,VfL Bochum,34,7,11,16,39,55,-16,32,0.9412,0.2059,6,0.1765,19,13,14.0,16.3529
2008-2009,2008,15,Borussia Mönchengladbach,34,8,7,19,39,62,-23,31,0.9118,0.2353,5,0.1471,19,12,12.0588,15.0
2008-2009,2008,16,Energie Cottbus,34,8,6,20,30,57,-27,30,0.8824,0.2353,6,0.1765,19,11,10.2353,18.0
2008-2009,2008,17,Karlsruher SC,34,8,5,21,30,54,-24,29,0.8529,0.2353,7,0.2059,19,10,13.6471,14.2059
2008-2009,2008,18,Arminia Bielefeld,34,4,16,14,29,56,-27,28,0.8235,0.1176,6,0.1765,14,14,11.0294,16.0294
2009-2010,2009,1,Bayern München,34,20,10,4,72,31,41,70,2.0588,0.5882,8,0.2353,40,30,14.5294,10.9412
2009-2010,2009,2,Schalke 04,34,19,8,7,53,31,22,65,1.9118,0.5588,15,0.4412,35,30,12.1176,10.5882
2009-2010,2009,3,Werder Bremen,34,17,10,7,71,40,31,61,1.7941,0.5,12,0.3529,30,31,15.5,10.5588
2009-2010,2009,4,Bayer Leverkusen,34,15,14,5,65,38,27,59,1.7353,0.4412,12,0.3529,38,21,15.7353,8.3529
2009-2010,2009,5,Borussia Dortmund,34,16,9,9,54,42,12,57,1.6765,0.4706,11,0.3235,34,23,14.4412,11.7647
2009-2010,2009,6,VfB Stuttgart,34,15,10,9,51,41,10,55,1.6176,0.4412,8,0.2353,29,26,14.5294,12.0588
2009-2010,2009,7,Hamburger SV,34,13,13,8,56,41,15,52,1.5294,0.3824,9,0.2647,30,22,14.2941,12.5882
2009-2010,2009,8,VfL Wolfsburg,34,14,8,12,64,58,6,50,1.4706,0.4118,7,0.2059,23,27,14.3824,17.2353
2009-2010,2009,9,Mainz 05,34,12,11,11,36,42,-6,47,1.3824,0.3529,11,0.3235,33,14,10.0294,14.5
2009-2010,2009,10,Eintracht Frankfurt,34,12,10,12,47,54,-7,46,1.3529,0.3529,5,0.1471,26,20,12.1471,13.6471
2009-2010,2009,11,TSG Hoffenheim,34,11,9,14,44,42,2,42,1.2353,0.3235,9,0.2647,21,21,13.4412,10.5
2009-2010,2009,12,Borussia Mönchengladbach,34,10,9,15,43,60,-17,39,1.1471,0.2941,7,0.2059,29,10,13.1176,16.8235
2009-2010,2009,13,1. FC Köln,34,9,11,14,33,42,-9,38,1.1176,0.2647,13,0.3824,15,23,9.4706,13.7353
2009-2010,2009,14,SC Freiburg,34,9,8,17,35,59,-24,35,1.0294,0.2647,8,0.2353,19,16,11.5,14.7353
2009-2010,2009,15,Hannover 96,34,9,6,19,43,67,-24,33,0.9706,0.2647,7,0.2059,19,14,12.2647,12.6176
2009-2010,2009,16,1. FC Nürnberg,34,8,7,19,32,58,-26,31,0.9118,0.2353,7,0.2059,19,12,12.4118,13.5294
2009-2010,2009,17,VfL Bochum,34,6,10,18,33,64,-31,28,0.8235,0.1765,7,0.2059,12,16,10.8235,15.7647
2009-2010,2009,18,Hertha BSC,34,5,9,20,34,56,-22,24,0.7059,0.1471,8,0.2353,9,15,12.8235,13.6176
2010-2011,2010,1,Borussia Dortmund,34,23,6,5,67,22,45,75,2.2059,0.6765,14,0.4118,40,35,16.9412,9.0588
2010-2011,2010,2,Bayer Leverkusen,34,20,8,6,64,44,20,68,2.0,0.5882,11,0.3235,32,36,13.9118,9.2647
2010-2011,2010,3,Bayern München,34,19,8,7,81,40,41,65,1.9118,0.5588,9,0.2647,41,24,14.9706,11.3235
2010-2011,2010,4,Hannover 96,34,19,3,12,49,45,4,60,1.7647,0.5588,10,0.2941,37,23,10.7941,13.3529
2010-2011,2010,5,Mainz 05,34,18,4,12,52,39,13,58,1.7059,0.5294,9,0.2647,26,32,12.2941,12.5
2010-2011,2010,6,1. FC Nürnberg,34,13,8,13,47,45,2,47,1.3824,0.3824,7,0.2059,29,18,13.4412,10.2353
2010-2011,2010,7,1. FC Kaiserslautern,34,13,7,14,48,51,-3,46,1.3529,0.3824,8,0.2353,24,22,13.3529,13.2941
2010-2011,2010,8,Hamburger SV,34,12,9,13,46,52,-6,45,1.3235,0.3529,8,0.2353,26,19,12.4118,11.7647
2010-2011,2010,9,SC Freiburg,34,13,5,16,41,50,-9,44,1.2941,0.3824,8,0.2353,26,18,10.5588,14.2941
2010-2011,2010,10,1. FC Köln,34,13,5,16,47,62,-15,44,1.2941,0.3824,10,0.2941,35,9,11.3824,15.7059
2010-2011,2010,11,TSG Hoffenheim,34,11,10,13,50,50,0,43,1.2647,0.3235,8,0.2353,26,17,13.9412,12.7941
2010-2011,2010,12,VfB Stuttgart,34,12,6,16,60,59,1,42,1.2353,0.3529,7,0.2059,23,19,13.5,14.7647
2010-2011,2010,13,Werder Bremen,34,10,11,13,47,61,-14,41,1.2059,0.2941,5,0.1471,24,17,13.4118,12.3529
2010-2011,2010,14,Schalke 04,34,11,7,16,38,44,-6,40,1.1765,0.3235,11,0.3235,24,16,11.4118,12.9118
2010-2011,2010,15,VfL Wolfsburg,34,9,11,14,43,48,-5,38,1.1176,0.2647,6,0.1765,21,17,11.7059,14.3235
2010-2011,2010,16,Borussia Mönchengladbach,34,10,6,18,48,65,-17,36,1.0588,0.2941,7,0.2059,18,18,12.7059,14.5882
2010-2011,2010,17,Eintracht Frankfurt,34,9,7,18,31,49,-18,34,1.0,0.2647,8,0.2353,19,15,11.3529,14.2647
2010-2011,2010,18,FC St. Pauli,34,8,5,21,35,68,-33,29,0.8529,0.2353,4,0.1176,15,14,12.2353,13.5294
2011-2012,2011,1,Borussia Dortmund,34,25,6,3,80,25,55,81,2.3824,0.7353,15,0.4412,44,37,16.1765,9.4412
2011-2012,2011,2,Bayern München,34,23,4,7,77,22,55,73,2.1471,0.6765,18,0.5294,43,30,15.5882,8.2647
2011-2012,2011,3,Schalke 04,34,20,4,10,74,44,30,64,1.8824,0.5882,8,0.2353,40,24,13.5588,13.0588
2011-2012,2011,4,Borussia Mönchengladbach,34,17,9,8,49,24,25,60,1.7647,0.5,15,0.4412,34,26,12.9118,11.4118
2011-2012,2011,5,Bayer Leverkusen,34,15,9,10,52,44,8,54,1.5882,0.4412,11,0.3235,28,26,12.7059,13.5294
2011-2012,2011,6,VfB Stuttgart,34,15,8,11,63,46,17,53,1.5588,0.4412,8,0.2353,33,20,13.7647,14.7941
2011-2012,2011,7,Hannover 96,34,12,12,10,41,45,-4,48,1.4118,0.3529,7,0.2059,37,11,12.0,13.7059
2011-2012,2011,8,VfL Wolfsburg,34,13,5,16,47,60,-13,44,1.2941,0.3824,7,0.2059,32,12,12.1176,11.8529
2011-2012,2011,9,Werder Bremen,34,11,9,14,49,58,-9,42,1.2353,0.3235,5,0.1471,28,14,14.8235,13.7059
2011-2012,2011,10,1. FC Nürnberg,34,12,6,16,38,49,-11,42,1.2353,0.3529,9,0.2647,22,20,12.2941,10.7059
2011-2012,2011,11,TSG Hoffenheim,34,10,11,13,41,47,-6,41,1.2059,0.2941,9,0.2647,21,20,13.2941,12.2353
2011-2012,2011,12,SC Freiburg,34,10,10,14,45,61,-16,40,1.1765,0.2941,9,0.2647,24,16,11.9118,13.1176
2011-2012,2011,13,Mainz 05,34,9,12,13,47,51,-4,39,1.1471,0.2647,9,0.2647,24,15,12.3824,11.9118
2011-2012,2011,14,FC Augsburg,34,8,14,12,36,49,-13,38,1.1176,0.2353,9,0.2647,25,13,11.3824,13.7647
2011-2012,2011,15,Hamburger SV,34,8,12,14,35,57,-22,36,1.0588,0.2353,7,0.2059,16,20,12.8824,14.3824
2011-2012,2011,16,Hertha BSC,34,7,10,17,38,64,-26,31,0.9118,0.2059,5,0.1471,15,16,10.9118,14.5882
2011-2012,2011,17,1. FC Köln,34,8,6,20,39,75,-36,30,0.8824,0.2353,6,0.1765,19,11,8.7941,15.2941
2011-2012,2011,18,1. FC Kaiserslautern,34,4,11,19,24,54,-30,23,0.6765,0.1176,4,0.1176,11,12,12.2059,13.9412
2012-2013,2012,1,Bayern München,34,29,4,1,98,18,80,91,2.6765,0.8529,21,0.6176,44,47,17.0,8.1471
2012-2013,2012,2,Borussia Dortmund,34,19,9,6,81,42,39,66,1.9412,0.5588,8,0.2353,33,33,15.9706,9.5882
2012-2013,2012,3,Bayer Leverkusen,34,19,8,7,65,39,26,65,1.9118,0.5588,11,0.3235,39,26,16.3529,11.9412
2012-2013,2012,4,Schalke 04,34,16,7,11,58,50,8,55,1.6176,0.4706,8,0.2353,33,22,14.5588,11.0588
2012-2013,2012,5,SC Freiburg,34,14,9,11,45,40,5,51,1.5,0.4118,13,0.3824,28,23,13.0,11.9118
2012-2013,2012,6,Eintracht Frankfurt,34,14,9,11,49,46,3,51,1.5,0.4118,8,0.2353,31,20,12.5294,12.6176
2012-2013,2012,7,Hamburger SV,34,14,6,14,42,53,-11,48,1.4118,0.4118,8,0.2353,26,22,12.7941,15.1471
2012-2013,2012,8,Borussia Mönchengladbach,34,12,11,11,45,49,-4,47,1.3824,0.3529,9,0.2647,29,18,10.3824,15.2647
2012-2013,2012,9,Hannover 96,34,13,6,15,60,62,-2,45,1.3235,0.3824,8,0.2353,32,13,10.4118,14.9412
2012-2013,2012,10,1. FC Nürnberg,34,11,11,12,39,47,-8,44,1.2941,0.3235,7,0.2059,27,17,10.7353,13.3235
2012-2013,2012,11,VfL Wolfsburg,34,10,13,11,47,52,-5,43,1.2647,0.2941,5,0.1471,17,26,11.2647,12.2941
2012-2013,2012,12,VfB Stuttgart,34,12,7,15,37,55,-18,43,1.2647,0.3529,8,0.2353,19,24,11.1471,14.3529
2012-2013,2012,13,Mainz 05,34,10,12,12,42,44,-2,42,1.2353,0.2941,9,0.2647,26,16,10.6471,11.9706
2012-2013,2012,14,Werder Bremen,34,8,10,16,50,66,-16,34,1.0,0.2353,3,0.0882,20,14,14.3235,11.5588
2012-2013,2012,15,FC Augsburg,34,8,9,17,33,51,-18,33,0.9706,0.2353,8,0.2353,20,13,13.7059,12.0
2012-2013,2012,16,TSG Hoffenheim,34,8,7,19,42,67,-25,31,0.9118,0.2353,6,0.1765,19,12,12.0294,13.0294
2012-2013,2012,17,Fortuna Düsseldorf,34,7,9,18,39,57,-18,30,0.8824,0.2059,8,0.2353,21,9,9.2647,13.8824
2012-2013,2012,18,Greuther Fürth,34,4,9,21,26,60,-34,21,0.6176,0.1176,5,0.1471,4,17,10.5882,13.6765
2013-2014,2013,1,Bayern München,34,29,3,2,94,23,71,90,2.6471,0.8529,17,0.5,46,44,18.5294,8.8824
2013-2014,2013,2,Borussia Dortmund,34,22,5,7,80,38,42,71,2.0882,0.6471,11,0.3235,35,36,18.0588,9.7353
2013-2014,2013,3,Schalke 04,34,19,7,8,63,43,20,64,1.8824,0.5588,14,0.4118,38,26,13.9412,13.2353
2013-2014,2013,4,Bayer Leverkusen,34,19,4,11,60,41,19,61,1.7941,0.5588,7,0.2059,33,28,14.5294,13.2941
2013-2014,2013,5,VfL Wolfsburg,34,18,6,10,63,50,13,60,1.7647,0.5294,5,0.1471,36,24,15.3824,11.3235
2013-2014,2013,6,Borussia Mönchengladbach,34,16,7,11,59,43,16,55,1.6176,0.4706,9,0.2647,36,19,12.6471,15.6471
2013-2014,2013,7,Mainz 05,34,16,5,13,52,54,-2,53,1.5588,0.4706,11,0.3235,33,20,12.9706,14.8529
2013-2014,2013,8,FC Augsburg,34,15,7,12,47,47,0,52,1.5294,0.4412,7,0.2059,30,22,15.0588,12.2647
2013-2014,2013,9,TSG Hoffenheim,34,11,11,12,72,70,2,44,1.2941,0.3235,3,0.0882,27,17,14.5882,12.7941
2013-2014,2013,10,Hannover 96,34,12,6,16,46,59,-13,42,1.2353,0.3529,6,0.1765,29,13,13.7941,13.7059
2013-2014,2013,11,Hertha BSC,34,11,8,15,40,48,-8,41,1.2059,0.3235,8,0.2353,21,20,11.2647,10.9118
2013-2014,2013,12,Werder Bremen,34,10,9,15,42,66,-24,39,1.1471,0.2941,10,0.2941,24,15,10.7941,16.6176
2013-2014,2013,13,Eintracht Frankfurt,34,9,9,16,40,57,-17,36,1.0588,0.2647,9,0.2647,20,16,12.6765,14.0
2013-2014,2013,14,SC Freiburg,34,9,9,16,43,61,-18,36,1.0588,0.2647,5,0.1471,22,14,10.8824,15.8529
2013-2014,2013,15,VfB Stuttgart,34,8,8,18,49,62,-13,32,0.9412,0.2353,5,0.1471,19,13,11.7941,13.5294
2013-2014,2013,16,Hamburger SV,34,7,6,21,51,75,-24,27,0.7941,0.2059,4,0.1176,18,9,14.7059,15.0
2013-2014,2013,17,1. FC Nürnberg,34,5,11,18,37,70,-33,26,0.7647,0.1471,4,0.1176,14,12,11.4412,17.5294
2013-2014,2013,18,Eintracht Braunschweig,34,6,7,21,29,60,-31,25,0.7353,0.1765,6,0.1765,18,7,12.1176,16.0
2014-2015,2014,1,Bayern München,34,25,4,5,80,18,62,79,2.3235,0.7353,22,0.6471,43,36,17.1471,7.5588
2014-2015,2014,2,VfL Wolfsburg,34,20,9,5,72,38,34,69,2.0294,0.5882,8,0.2353,43,26,15.3529,12.2941
2014-2015,2014,3,Borussia Mönchengladbach,34,19,9,6,53,26,27,66,1.9412,0.5588,15,0.4412,39,27,12.4706,15.3529
2014-2015,2014,4,Bayer Leverkusen,34,17,10,7,62,37,25,61,1.7941,0.5,16,0.4706,36,25,16.2941,8.7941
2014-2015,2014,5,FC Augsburg,34,15,4,15,43,43,0,49,1.4412,0.4412,10,0.2941,31,18,13.4706,13.4706
2014-2015,2014,6,Schalke 04,34,13,9,12,42,40,2,48,1.4118,0.3824,10,0.2941,35,13,12.2941,15.7941
2014-2015,2014,7,Borussia Dortmund,34,13,7,14,47,42,5,46,1.3529,0.3824,10,0.2941,30,16,16.6765,8.4706
2014-2015,2014,8,TSG Hoffenheim,34,12,8,14,49,55,-6,44,1.2941,0.3529,8,0.2353,30,14,14.7353,13.3235
2014-2015,2014,9,Eintracht Frankfurt,34,11,10,13,56,62,-6,43,1.2647,0.3235,6,0.1765,32,11,12.5294,12.6471
2014-2015,2014,10,Werder Bremen,34,11,10,13,50,65,-15,43,1.2647,0.3235,7,0.2059,28,15,12.2059,14.6765
2014-2015,2014,11,Mainz 05,34,9,13,12,45,47,-2,40,1.1765,0.2647,10,0.2941,24,16,12.8529,14.1765
2014-2015,2014,12,1. FC Köln,34,9,13,12,34,40,-6,40,1.1765,0.2647,13,0.3824,21,19,10.6471,13.6176
2014-2015,2014,13,Hannover 96,34,9,10,15,40,56,-16,37,1.0882,0.2647,7,0.2059,22,15,11.2941,13.4706
2014-2015,2014,14,VfB Stuttgart,34,9,9,16,42,60,-18,36,1.0588,0.2647,6,0.1765,19,17,12.0882,13.8824
2014-2015,2014,15,Hertha BSC,34,9,8,17,36,52,-16,35,1.0294,0.2647,10,0.2941,22,13,8.7353,12.5
2014-2015,2014,16,Hamburger SV,34,9,8,17,25,50,-25,35,1.0294,0.2647,10,0.2941,23,12,10.7059,14.5294
2014-2015,2014,17,SC Freiburg,34,7,13,14,36,47,-11,34,1.0,0.2059,9,0.2647,21,13,11.3235,15.1471
2014-2015,2014,18,SC Paderborn 07,34,7,10,17,31,65,-34,31,0.9118,0.2059,6,0.1765,18,13,13.3529,14.4706
2015-2016,2015,1,Bayern München,34,28,4,2,80,17,63,88,2.5882,0.8235,20,0.5882,46,42,17.8529,7.3824
2015-2016,2015,2,Borussia Dortmund,34,24,6,4,82,34,48,78,2.2941,0.7059,13,0.3824,45,33,15.5588,7.9118
2015-2016,2015,3,Bayer Leverkusen,34,18,6,10,56,40,16,60,1.7647,0.5294,13,0.3824,33,27,14.2647,10.6471
2015-2016,2015,4,Borussia Mönchengladbach,34,17,4,13,67,50,17,55,1.6176,0.5,7,0.2059,40,15,13.3529,13.3824
2015-2016,2015,5,Schalke 04,34,15,7,12,51,49,2,52,1.5294,0.4412,8,0.2353,29,23,14.3235,14.4412
2015-2016,2015,6,Mainz 05,34,14,8,12,46,42,4,50,1.4706,0.4118,9,0.2647,28,22,11.2647,13.7353
2015-2016,2015,7,Hertha BSC,34,14,8,12,42,42,0,50,1.4706,0.4118,13,0.3824,32,18,9.7353,12.3824
2015-2016,2015,8,VfL Wolfsburg,34,12,9,13,47,49,-2,45,1.3235,0.3529,9,0.2647,32,13,14.3824,11.3529
2015-2016,2015,9,1. FC Köln,34,10,13,11,38,42,-4,43,1.2647,0.2941,8,0.2353,20,23,12.2353,14.3235
2015-2016,2015,10,Hamburger SV,34,11,8,15,40,46,-6,41,1.2059,0.3235,9,0.2647,19,22,10.9706,13.7059
2015-2016,2015,11,FC Ingolstadt 04,34,10,10,14,33,42,-9,40,1.1765,0.2941,10,0.2941,26,14,12.4118,10.7647
2015-2016,2015,12,FC Augsburg,34,9,11,14,42,52,-10,38,1.1176,0.2647,11,0.3235,15,23,13.0588,15.8824
2015-2016,2015,13,Werder Bremen,34,10,8,16,50,65,-15,38,1.1176,0.2941,2,0.0588,20,18,13.3235,12.9118
2015-2016,2015,14,SV Darmstadt 98,34,9,11,14,38,53,-15,38,1.1176,0.2647,8,0.2353,12,26,10.1765,14.9706
2015-2016,2015,15,TSG Hoffenheim,34,9,10,15,39,54,-15,37,1.0882,0.2647,6,0.1765,24,13,11.1471,15.6765
2015-2016,2015,16,Eintracht Frankfurt,34,9,9,16,34,52,-18,36,1.0588,0.2647,8,0.2353,24,12,10.8235,12.6471
2015-2016,2015,17,VfB Stuttgart,34,9,6,19,50,75,-25,33,0.9706,0.2647,4,0.1176,19,14,14.6471,13.6765
2015-2016,2015,18,Hannover 96,34,7,4,23,31,62,-31,25,0.7353,0.2059,5,0.1471,12,13,11.1765,14.9118
2016-2017,2016,1,Bayern München,34,25,7,2,89,22,67,82,2.4118,0.7353,17,0.5,43,39,18.2647,8.9118
2016-2017,2016,2,RB Leipzig,34,20,7,7,66,39,27,67,1.9706,0.5882,10,0.2941,38,29,13.0,10.0588
2016-2017,2016,3,Borussia Dortmund,34,18,10,6,72,40,32,64,1.8824,0.5294,9,0.2647,43,21,15.7059,10.1765
2016-2017,2016,4,TSG Hoffenheim,34,16,14,4,64,37,27,62,1.8235,0.4706,12,0.3529,39,23,14.6471,12.1471
2016-2017,2016,5,1. FC Köln,34,12,13,9,51,42,9,49,1.4412,0.3529,10,0.2941,33,16,10.5882,13.9706
2016-2017,2016,6,Hertha BSC,34,15,4,15,43,47,-4,49,1.4412,0.4412,11,0.3235,37,12,10.1471,12.8235
2016-2017,2016,7,SC Freiburg,34,14,6,14,42,60,-18,48,1.4118,0.4118,6,0.1765,32,16,11.8529,14.6176
2016-2017,2016,8,Werder Bremen,34,13,6,15,61,64,-3,45,1.3235,0.3824,6,0.1765,25,20,11.0882,15.3824
2016-2017,2016,9,Borussia Mönchengladbach,34,12,9,13,45,49,-4,45,1.3235,0.3529,10,0.2941,26,19,12.0588,12.3824
2016-2017,2016,10,Schalke 04,34,11,10,13,45,40,5,43,1.2647,0.3235,8,0.2353,29,14,13.0,11.6765
2016-2017,2016,11,Eintracht Frankfurt,34,11,9,14,36,43,-7,42,1.2353,0.3235,11,0.3235,28,14,11.1765,10.0882
2016-2017,2016,12,Bayer Leverkusen,34,11,8,15,53,55,-2,41,1.2059,0.3235,6,0.1765,21,20,13.0882,11.6765
2016-2017,2016,13,FC Augsburg,34,9,11,14,35,51,-16,38,1.1176,0.2647,8,0.2353,21,17,10.8824,13.6471
2016-2017,2016,14,Hamburger SV,34,10,8,16,33,61,-28,38,1.1176,0.2941,8,0.2353,28,10,10.5588,12.9118
2016-2017,2016,15,Mainz 05,34,10,7,17,44,55,-11,37,1.0882,0.2941,7,0.2059,25,12,12.1765,12.4706
2016-2017,2016,16,VfL Wolfsburg,34,10,7,17,34,52,-18,37,1.0882,0.2941,11,0.3235,18,19,12.5294,13.0882
2016-2017,2016,17,FC Ingolstadt 04,34,8,8,18,36,57,-21,32,0.9412,0.2353,4,0.1176,17,15,13.4412,12.0882
2016-2017,2016,18,SV Darmstadt 98,34,7,4,23,28,63,-35,25,0.7353,0.2059,3,0.0882,21,4,9.8529,15.9412
2017-2018,2017,1,Bayern München,34,27,3,4,92,28,64,84,2.4706,0.7941,16,0.4706,44,40,17.3235,8.5
2017-2018,2017,2,Schalke 04,34,18,9,7,53,37,16,63,1.8529,0.5294,13,0.3824,35,28,11.8824,10.9118
2017-2018,2017,3,TSG Hoffenheim,34,15,10,9,66,48,18,55,1.6176,0.4412,10,0.2941,37,18,13.9118,12.6176
2017-2018,2017,4,Borussia Dortmund,34,15,10,9,64,47,17,55,1.6176,0.4412,12,0.3529,31,24,14.3824,10.9118
2017-2018,2017,5,Bayer Leverkusen,34,15,10,9,58,44,14,55,1.6176,0.4412,10,0.2941,29,26,14.9706,10.3529
2017-2018,2017,6,RB Leipzig,34,15,8,11,57,53,4,53,1.5588,0.4412,6,0.1765,31,22,14.2941,11.3824
2017-2018,2017,7,VfB Stuttgart,34,15,6,13,36,36,0,51,1.5,0.4412,12,0.3529,34,17,10.8235,13.0588
2017-2018,2017,8,Eintracht Frankfurt,34,14,7,13,45,45,0,49,1.4412,0.4118,7,0.2059,28,21,11.4412,11.7941
2017-2018,2017,9,Borussia Mönchengladbach,34,13,8,13,47,52,-5,47,1.3824,0.3824,7,0.2059,31,16,13.3529,14.6471
2017-2018,2017,10,Hertha BSC,34,10,13,11,43,46,-3,43,1.2647,0.2941,8,0.2353,22,21,9.3529,12.7941
2017-2018,2017,11,Werder Bremen,34,10,12,12,37,40,-3,42,1.2353,0.2941,8,0.2353,25,17,12.7353,12.4412
2017-2018,2017,12,FC Augsburg,34,10,11,13,43,46,-3,41,1.2059,0.2941,9,0.2647,22,19,12.7353,13.5882
2017-2018,2017,13,Hannover 96,34,10,9,15,44,54,-10,39,1.1471,0.2941,5,0.1471,27,12,12.7647,14.7059
2017-2018,2017,14,Mainz 05,34,9,9,16,38,52,-14,36,1.0588,0.2647,7,0.2059,24,12,12.2353,12.7059
2017-2018,2017,15,SC Freiburg,34,8,12,14,32,56,-24,36,1.0588,0.2353,9,0.2647,27,9,11.0588,14.2059
2017-2018,2017,16,VfL Wolfsburg,34,6,15,13,36,48,-12,33,0.9706,0.1765,8,0.2353,17,16,10.4412,13.5882
2017-2018,2017,17,Hamburger SV,34,8,7,19,29,53,-24,31,0.9118,0.2353,7,0.2059,22,9,11.7059,12.9706
2017-2018,2017,18,1. FC Köln,34,5,7,22,35,70,-35,22,0.6471,0.1471,5,0.1471,14,8,11.3235,15.5588
2018-2019,2018,1,Bayern München,34,24,6,4,88,32,56,78,2.2941,0.7059,12,0.3529,42,36,18.7059,7.6176
2018-2019,2018,2,Borussia Dortmund,34,23,7,4,81,44,37,76,2.2353,0.6765,10,0.2941,44,32,13.2647,10.1176
2018-2019,2018,3,RB Leipzig,34,19,9,6,63,29,34,66,1.9412,0.5588,16,0.4706,36,30,14.4706,9.2647
2018-2019,2018,4,Bayer Leverkusen,34,18,4,12,69,52,17,58,1.7059,0.5294,9,0.2647,29,29,15.1765,11.3235
2018-2019,2018,5,Borussia Mönchengladbach,34,16,7,11,55,42,13,55,1.6176,0.4706,13,0.3824,30,25,13.4412,13.1765
2018-2019,2018,6,VfL Wolfsburg,34,16,7,11,62,50,12,55,1.6176,0.4706,9,0.2647,29,26,12.4118,13.2647
2018-2019,2018,7,Eintracht Frankfurt,34,15,9,10,60,48,12,54,1.5882,0.4412,9,0.2647,28,26,12.1471,13.5
2018-2019,2018,8,Werder Bremen,34,14,11,9,58,49,9,53,1.5588,0.4118,5,0.1471,30,23,13.7353,13.8824
2018-2019,2018,9,TSG Hoffenheim,34,13,12,9,70,52,18,51,1.5,0.3824,5,0.1471,26,25,17.8235,13.6765
2018-2019,2018,10,Fortuna Düsseldorf,34,13,5,16,49,65,-16,44,1.2941,0.3824,5,0.1471,27,17,12.4118,14.4118
2018-2019,2018,11,Hertha BSC,34,11,10,13,49,57,-8,43,1.2647,0.3235,9,0.2647,24,19,11.7941,14.7941
2018-2019,2018,12,Mainz 05,34,12,7,15,46,57,-11,43,1.2647,0.3529,7,0.2059,29,14,14.5588,15.1471
2018-2019,2018,13,SC Freiburg,34,8,12,14,46,61,-15,36,1.0588,0.2353,5,0.1471,25,11,12.4118,15.4118
2018-2019,2018,14,Schalke 04,34,8,9,17,37,55,-18,33,0.9706,0.2353,7,0.2059,15,18,12.2941,13.8235
2018-2019,2018,15,FC Augsburg,34,8,8,18,51,71,-20,32,0.9412,0.2353,5,0.1471,19,13,13.4706,15.1471
2018-2019,2018,16,VfB Stuttgart,34,7,7,20,32,70,-38,28,0.8235,0.2059,6,0.1765,22,6,11.9118,15.1765
2018-2019,2018,17,Hannover 96,34,5,6,23,31,71,-40,21,0.6176,0.1471,5,0.1471,16,5,11.1765,16.5294
2018-2019,2018,18,1. FC Nürnberg,34,3,10,21,26,68,-42,19,0.5588,0.0882,4,0.1176,16,3,10.4412,15.3824
2019-2020,2019,1,Bayern München,34,26,4,4,100,32,68,82,2.4118,0.7647,15,0.4412,41,41,18.3824,9.2647
2019-2020,2019,2,Borussia Dortmund,34,21,6,7,84,41,43,69,2.0294,0.6176,15,0.4412,36,33,13.2059,10.7059
2019-2020,2019,3,RB Leipzig,34,18,12,4,81,37,44,66,1.9412,0.5294,10,0.2941,29,37,16.0882,10.4706
2019-2020,2019,4,Borussia Mönchengladbach,34,20,5,9,66,40,26,65,1.9118,0.5882,7,0.2059,38,27,14.0,13.7941
2019-2020,2019,5,Bayer Leverkusen,34,19,6,9,61,44,17,63,1.8529,0.5588,10,0.2941,31,32,14.6176,10.9412
2019-2020,2019,6,TSG Hoffenheim,34,15,7,12,53,53,0,52,1.5294,0.4412,8,0.2353,22,30,13.4118,14.4706
2019-2020,2019,7,VfL Wolfsburg,34,13,10,11,48,46,2,49,1.4412,0.3824,8,0.2353,19,30,13.8824,11.0882
2019-2020,2019,8,SC Freiburg,34,13,9,12,48,47,1,48,1.4118,0.3824,7,0.2059,29,19,12.9706,17.6765
2019-2020,2019,9,Eintracht Frankfurt,34,13,6,15,59,60,-1,45,1.3235,0.3824,5,0.1471,28,17,14.6765,12.9706
2019-2020,2019,10,Hertha BSC,34,11,8,15,48,59,-11,41,1.2059,0.3235,9,0.2647,21,20,10.4706,14.0882
2019-2020,2019,11,1. FC Union Berlin,34,12,5,17,41,58,-17,41,1.2059,0.3529,8,0.2353,27,14,11.9412,14.5
2019-2020,2019,12,Schalke 04,34,9,12,13,38,58,-20,39,1.1471,0.2647,7,0.2059,22,17,11.1765,13.4706
2019-2020,2019,13,Mainz 05,34,11,4,19,44,65,-21,37,1.0882,0.3235,5,0.1471,17,20,13.3824,15.0
2019-2020,2019,14,1. FC Köln,34,10,6,18,51,69,-18,36,1.0588,0.2941,6,0.1765,22,14,12.1765,13.2647
2019-2020,2019,15,FC Augsburg,34,9,9,16,45,63,-18,36,1.0588,0.2647,7,0.2059,20,16,10.8235,14.2647
2019-2020,2019,16,Werder Bremen,34,8,7,19,42,69,-27,31,0.9118,0.2353,4,0.1176,9,22,12.5294,14.6176
2019-2020,2019,17,Fortuna Düsseldorf,34,6,12,16,36,67,-31,30,0.8824,0.1765,4,0.1176,18,12,12.3235,13.5882
2019-2020,2019,18,SC Paderborn 07,34,4,8,22,37,74,-37,20,0.5882,0.1176,5,0.1471,8,12,12.7059,14.5882
2020-2021,2020,1,Bayern München,34,24,6,4,99,44,55,78,2.2941,0.7059,9,0.2647,43,35,17.5882,10.2353
2020-2021,2020,2,RB Leipzig,34,19,8,7,60,32,28,65,1.9118,0.5588,15,0.4412,37,28,15.5882,7.7353
2020-2021,2020,3,Borussia Dortmund,34,20,4,10,75,46,29,64,1.8824,0.5882,11,0.3235,35,29,14.5294,11.0588
2020-2021,2020,4,VfL Wolfsburg,34,17,10,7,61,37,24,61,1.7941,0.5,14,0.4118,34,27,13.9412,10.6765
2020-2021,2020,5,Eintracht Frankfurt,34,16,12,6,69,53,16,60,1.7647,0.4706,4,0.1176,37,23,13.4706,12.7647
2020-2021,2020,6,Bayer Leverkusen,34,14,10,10,53,39,14,52,1.5294,0.4118,9,0.2647,29,23,12.9412,10.1765
2020-2021,2020,7,1. FC Union Berlin,34,12,14,8,50,43,7,50,1.4706,0.3529,7,0.2059,32,18,11.6765,10.7353
2020-2021,2020,8,Borussia Mönchengladbach,34,13,10,11,64,56,8,49,1.4412,0.3824,7,0.2059,28,21,13.2941,13.4412
2020-2021,2020,9,VfB Stuttgart,34,12,9,13,56,55,1,45,1.3235,0.3529,5,0.1471,21,24,13.3235,13.5
2020-2021,2020,10,SC Freiburg,34,12,9,13,52,52,0,45,1.3235,0.3529,6,0.1765,27,18,11.1765,14.8824
2020-2021,2020,11,TSG Hoffenheim,34,11,10,13,52,54,-2,43,1.2647,0.3235,6,0.1765,27,16,12.4412,10.9118
2020-2021,2020,12,Mainz 05,34,10,9,15,39,56,-17,39,1.1471,0.2941,5,0.1471,16,23,11.0588,13.1471
2020-2021,2020,13,FC Augsburg,34,10,6,18,36,54,-18,36,1.0588,0.2941,7,0.2059,22,14,10.0294,14.1471
2020-2021,2020,14,Hertha BSC,34,8,11,15,41,52,-11,35,1.0294,0.2353,9,0.2647,20,15,11.3824,12.6765
2020-2021,2020,15,Arminia Bielefeld,34,9,8,17,26,52,-26,35,1.0294,0.2647,11,0.3235,20,15,9.3529,12.9412
2020-2021,2020,16,1. FC Köln,34,8,9,17,34,60,-26,33,0.9706,0.2353,5,0.1471,14,19,10.5,12.2647
2020-2021,2020,17,Werder Bremen,34,7,10,17,36,57,-21,31,0.9118,0.2059,6,0.1765,14,17,10.5882,13.5
2020-2021,2020,18,Schalke 04,34,3,7,24,25,86,-61,16,0.4706,0.0882,4,0.1176,12,4,8.9706,17.0588
2021-2022,2021,1,Bayern München,34,24,5,5,97,37,60,77,2.2647,0.7059,11,0.3235,41,36,19.8529,9.5
2021-2022,2021,2,Borussia Dortmund,34,22,3,9,85,52,33,69,2.0294,0.6471,7,0.2059,39,30,13.2059,10.5
2021-2022,2021,3,Bayer Leverkusen,34,19,7,8,80,47,33,64,1.8824,0.5588,8,0.2353,32,32,13.3529,13.1765
2021-2022,2021,4,RB Leipzig,34,17,7,10,72,37,35,58,1.7059,0.5,10,0.2941,35,23,12.7941,10.2647
2021-2022,2021,5,1. FC Union Berlin,34,16,9,9,50,44,6,57,1.6765,0.4706,8,0.2353,35,22,11.8235,11.3824
2021-2022,2021,6,SC Freiburg,34,15,10,9,58,46,12,55,1.6176,0.4412,10,0.2941,29,26,13.3824,14.1471
2021-2022,2021,7,1. FC Köln,34,14,10,10,52,49,3,52,1.5294,0.4118,4,0.1176,31,21,13.6471,12.7353
2021-2022,2021,8,Mainz 05,34,13,7,14,50,45,5,46,1.3529,0.3824,10,0.2941,35,11,13.5588,11.5588
2021-2022,2021,9,TSG Hoffenheim,34,13,7,14,58,60,-2,46,1.3529,0.3824,8,0.2353,28,18,13.1765,12.0
2021-2022,2021,10,Borussia Mönchengladbach,34,12,9,13,54,61,-7,45,1.3235,0.3529,5,0.1471,28,17,14.5294,13.8529
2021-2022,2021,11,Eintracht Frankfurt,34,10,12,12,45,49,-4,42,1.2353,0.2941,5,0.1471,19,23,13.2059,12.9412
2021-2022,2021,12,VfL Wolfsburg,34,12,6,16,43,54,-11,42,1.2353,0.3529,11,0.3235,24,18,12.3529,13.0
2021-2022,2021,13,VfL Bochum,34,12,6,16,38,52,-14,42,1.2353,0.3529,7,0.2059,28,14,12.0588,14.0
2021-2022,2021,14,FC Augsburg,34,10,8,16,39,56,-17,38,1.1176,0.2941,9,0.2647,25,13,11.1765,14.0294
2021-2022,2021,15,VfB Stuttgart,34,7,12,15,41,59,-18,33,0.9706,0.2059,4,0.1176,22,11,13.1471,14.8235
2021-2022,2021,16,Hertha BSC,34,9,6,19,37,71,-34,33,0.9706,0.2647,6,0.1765,21,12,10.5294,13.5294
2021-2022,2021,17,Arminia Bielefeld,34,5,13,16,27,53,-26,28,0.8235,0.1471,7,0.2059,16,12,10.5294,15.3824
2021-2022,2021,18,Greuther Fürth,34,3,9,22,28,82,-54,18,0.5294,0.0882,6,0.1765,14,4,9.1471,14.6471
2022-2023,2022,1,Bayern München,34,21,8,5,92,38,54,71,2.0882,0.6176,11,0.3235,38,33,18.6176,9.1765
2022-2023,2022,2,Borussia Dortmund,34,22,5,7,83,44,39,71,2.0882,0.6471,12,0.3529,44,27,16.5294,11.5882
2022-2023,2022,3,RB Leipzig,34,20,6,8,64,41,23,66,1.9412,0.5882,10,0.2941,41,25,14.8824,9.5294
2022-2023,2022,4,1. FC Union Berlin,34,18,8,8,51,38,13,62,1.8235,0.5294,13,0.3824,39,23,11.2059,11.0294
2022-2023,2022,5,SC Freiburg,34,17,8,9,51,44,7,59,1.7353,0.5,13,0.3824,34,25,12.3529,13.2647
2022-2023,2022,6,Bayer Leverkusen,34,14,8,12,57,49,8,50,1.4706,0.4118,9,0.2647,27,23,12.5882,11.1765
2022-2023,2022,7,Eintracht Frankfurt,34,13,11,10,58,52,6,50,1.4706,0.3824,6,0.1765,32,18,12.0294,10.7941
2022-2023,2022,8,VfL Wolfsburg,34,13,10,11,57,48,9,49,1.4412,0.3824,12,0.3529,25,24,11.7941,13.6765
2022-2023,2022,9,Mainz 05,34,12,10,12,54,55,-1,46,1.3529,0.3529,7,0.2059,24,22,12.2941,12.5294
2022-2023,2022,10,Borussia Mönchengladbach,34,11,10,13,52,55,-3,43,1.2647,0.3235,9,0.2647,33,10,11.8235,14.3529
2022-2023,2022,11,1. FC Köln,34,10,12,12,49,54,-5,42,1.2353,0.2941,6,0.1765,23,19,12.0882,11.0
2022-2023,2022,12,TSG Hoffenheim,34,10,6,18,48,57,-9,36,1.0588,0.2941,5,0.1471,23,13,12.0588,14.3235
2022-2023,2022,13,Werder Bremen,34,10,6,18,51,64,-13,36,1.0588,0.2941,4,0.1176,17,19,10.4412,14.0588
2022-2023,2022,14,VfL Bochum,34,10,5,19,40,72,-32,35,1.0294,0.2941,5,0.1471,26,9,11.5294,15.4118
2022-2023,2022,15,FC Augsburg,34,9,7,18,42,63,-21,34,1.0,0.2647,6,0.1765,22,12,10.6176,15.8824
2022-2023,2022,16,VfB Stuttgart,34,7,12,15,45,57,-12,33,0.9706,0.2059,2,0.0588,21,12,13.5,11.4706
2022-2023,2022,17,Schalke 04,34,7,10,17,35,71,-36,31,0.9118,0.2059,7,0.2059,20,11,12.0882,14.4412
2022-2023,2022,18,Hertha BSC,34,7,8,19,42,69,-27,29,0.8529,0.2059,3,0.0882,21,8,11.1471,13.8824
2023-2024,2023,1,Bayer Leverkusen,34,28,6,0,89,24,65,90,2.6471,0.8235,16,0.4706,45,45,18.0294,8.2941
2023-2024,2023,2,VfB Stuttgart,34,23,4,7,78,39,39,73,2.1471,0.6765,12,0.3529,42,31,15.3824,11.0882
2023-2024,2023,3,Bayern München,34,23,3,8,94,45,49,72,2.1176,0.6765,11,0.3235,43,29,18.4412,10.3824
2023-2024,2023,4,RB Leipzig,34,19,8,7,77,39,38,65,1.9118,0.5588,10,0.2941,37,28,15.6471,11.6176
2023-2024,2023,5,Borussia Dortmund,34,18,9,7,68,43,25,63,1.8529,0.5294,10,0.2941,33,30,14.5588,13.3529
2023-2024,2023,6,Eintracht Frankfurt,34,11,14,9,51,50,1,47,1.3824,0.3235,7,0.2059,29,18,11.5588,12.2647
2023-2024,2023,7,TSG Hoffenheim,34,13,7,14,66,66,0,46,1.3529,0.3824,2,0.0588,23,23,13.6176,16.5882
2023-2024,2023,8,1. FC Heidenheim,34,10,12,12,50,55,-5,42,1.2353,0.2941,6,0.1765,26,16,11.3529,14.7647
2023-2024,2023,9,Werder Bremen,34,11,9,14,48,54,-6,42,1.2353,0.3235,7,0.2059,25,17,11.7353,15.1765
2023-2024,2023,10,SC Freiburg,34,11,9,14,45,58,-13,42,1.2353,0.3235,10,0.2941,22,20,11.6176,15.0
2023-2024,2023,11,FC Augsburg,34,10,9,15,50,60,-10,39,1.1471,0.2941,3,0.0882,24,15,12.7353,14.9412
2023-2024,2023,12,VfL Wolfsburg,34,10,7,17,41,56,-15,37,1.0882,0.2941,6,0.1765,22,15,11.9706,12.4706
2023-2024,2023,13,Mainz 05,34,7,14,13,39,51,-12,35,1.0294,0.2059,8,0.2353,23,12,13.8235,12.2353
2023-2024,2023,14,Borussia Mönchengladbach,34,7,13,14,56,67,-11,34,1.0,0.2059,4,0.1176,21,13,13.0882,16.5588
2023-2024,2023,15,1. FC Union Berlin,34,9,6,19,33,58,-25,33,0.9706,0.2647,7,0.2059,23,10,11.8824,13.8529
2023-2024,2023,16,VfL Bochum,34,7,12,15,42,74,-32,33,0.9706,0.2059,4,0.1176,23,10,14.7941,15.0294
2023-2024,2023,17,1. FC Köln,34,5,12,17,28,60,-32,27,0.7941,0.1471,4,0.1176,16,11,12.5588,14.7059
2023-2024,2023,18,SV Darmstadt 98,34,3,8,23,30,86,-56,17,0.5,0.0882,3,0.0882,6,11,11.8235,16.2941
2024-2025,2024,1,Bayern München,34,25,7,2,99,32,67,82,2.4118,0.7353,16,0.4706,44,38,18.8235,6.7647
2024-2025,2024,2,Bayer Leverkusen,34,19,12,3,72,43,29,69,2.0294,0.5588,9,0.2647,34,35,14.9118,9.8824
2024-2025,2024,3,Eintracht Frankfurt,34,17,9,8,68,46,22,60,1.7647,0.5,9,0.2647,34,26,14.0588,13.5
2024-2025,2024,4,Borussia Dortmund,34,17,6,11,71,51,20,57,1.6765,0.5,7,0.2059,36,21,14.0882,11.0
2024-2025,2024,5,SC Freiburg,34,16,7,11,49,53,-4,55,1.6176,0.4706,11,0.3235,30,25,11.8824,12.6765
2024-2025,2024,6,Mainz 05,34,14,10,10,55,43,12,52,1.5294,0.4118,9,0.2647,26,26,12.2059,13.5294
2024-2025,2024,7,RB Leipzig,34,13,12,9,53,48,5,51,1.5,0.3824,14,0.4118,30,21,11.9706,14.6471
2024-2025,2024,8,Werder Bremen,34,14,9,11,54,57,-3,51,1.5,0.4118,10,0.2941,21,30,12.4118,13.6176
2024-2025,2024,9,VfB Stuttgart,34,14,8,12,64,53,11,50,1.4706,0.4118,7,0.2059,23,27,13.7353,11.2941
2024-2025,2024,10,Borussia Mönchengladbach,34,13,6,15,55,57,-2,45,1.3235,0.3824,7,0.2059,24,21,12.1176,17.0294
2024-2025,2024,11,VfL Wolfsburg,34,11,10,13,56,54,2,43,1.2647,0.3235,6,0.1765,16,27,12.7941,13.7941
2024-2025,2024,12,FC Augsburg,34,11,10,13,35,51,-16,43,1.2647,0.3235,11,0.3235,23,20,11.6471,13.2941
2024-2025,2024,13,1. FC Union Berlin,34,10,10,14,35,51,-16,40,1.1765,0.2941,8,0.2353,21,19,11.9394,12.303
2024-2025,2024,14,FC St. Pauli,34,8,8,18,28,41,-13,32,0.9412,0.2353,9,0.2647,14,18,11.0294,11.1471
2024-2025,2024,15,TSG Hoffenheim,34,7,11,16,46,68,-22,32,0.9412,0.2059,4,0.1176,17,15,12.9412,14.1471
2024-2025,2024,16,1. FC Heidenheim,34,8,5,21,37,64,-27,29,0.8529,0.2353,9,0.2647,11,18,11.9412,13.4706
2024-2025,2024,17,Holstein Kiel,34,6,7,21,49,80,-31,25,0.7353,0.1765,2,0.0588,14,11,10.7941,16.1765
2024-2025,2024,18,VfL Bochum,34,6,7,21,33,67,-34,25,0.7353,0.1765,6,0.1765,13,12,12.8485,13.9091
2025-2026,2025,1,Bayern München,34,28,5,1,122,36,86,89,2.6176,0.8235,12,0.3529,44,45,19.1765,10.5882
2025-2026,2025,2,Borussia Dortmund,34,22,7,5,70,34,36,73,2.1471,0.6471,15,0.4412,41,32,13.0882,10.6765
2025-2026,2025,3,RB Leipzig,34,20,5,9,66,47,19,65,1.9118,0.5882,11,0.3235,38,27,15.7941,12.1471
2025-2026,2025,4,VfB Stuttgart,34,18,8,8,71,49,22,62,1.8235,0.5294,11,0.3235,39,23,15.2353,12.5882
2025-2026,2025,5,TSG Hoffenheim,34,18,7,9,65,52,13,61,1.7941,0.5294,7,0.2059,32,29,14.0882,12.2353
2025-2026,2025,6,Bayer Leverkusen,34,17,8,9,68,47,21,59,1.7353,0.5,8,0.2353,31,28,15.1471,12.8235
2025-2026,2025,7,SC Freiburg,34,13,8,13,51,57,-6,47,1.3824,0.3824,6,0.1765,32,15,12.2353,13.8529
2025-2026,2025,8,Eintracht Frankfurt,34,11,11,12,61,65,-4,44,1.2941,0.3235,7,0.2059,25,19,12.0294,12.5882
2025-2026,2025,9,FC Augsburg,34,12,7,15,45,61,-16,43,1.2647,0.3529,5,0.1471,26,17,13.1765,14.7353
2025-2026,2025,10,Mainz 05,34,10,10,14,44,53,-9,40,1.1765,0.2941,4,0.1176,17,23,12.0882,14.1176
2025-2026,2025,11,1. FC Union Berlin,34,10,9,15,44,58,-14,39,1.1471,0.2941,7,0.2059,22,17,12.5,12.9412
2025-2026,2025,12,Borussia Mönchengladbach,34,9,11,14,42,53,-11,38,1.1176,0.2647,13,0.3824,24,14,11.6471,14.2059
2025-2026,2025,13,Hamburger SV,34,9,11,14,40,54,-14,38,1.1176,0.2647,6,0.1765,24,14,12.2941,14.5294
2025-2026,2025,14,1. FC Köln,34,7,11,16,49,63,-14,32,0.9412,0.2059,3,0.0882,19,13,13.3824,13.6471
2025-2026,2025,15,Werder Bremen,34,8,8,18,37,60,-23,32,0.9412,0.2353,6,0.1765,19,13,13.0294,13.7647
2025-2026,2025,16,VfL Wolfsburg,34,7,8,19,45,69,-24,29,0.8529,0.2059,2,0.0588,10,19,11.9412,15.4118
2025-2026,2025,17,1. FC Heidenheim,34,6,8,20,41,72,-31,26,0.7647,0.1765,1,0.0294,17,9,11.4412,15.2941
2025-2026,2025,18,FC St. Pauli,34,6,8,20,29,60,-31,26,0.7647,0.1765,5,0.1471,17,9,10.2647,12.4118
